113

11111111, 1111111] 1ο give 111111111111, 111 111111111 non 11111111 1ο 1111 11111111. 8111111111,
111 11111111 1111, 11111111 uernum, 111 11111111 1111 11 111 Mon 11 11111111, 111 1ο
nomano gruunt 11 1111111111111111111111111111111111111 8111111111111111
μω111111111111111111111111,111111111111111ο111101111111. 111111111111111111111
0111111,11111 above, 1111111111111118111111111 111 1111111111, 111 on 1 111111 11 pretence,
1111111111,01111111 1111111111. (1111111111111111111111. 81111111111111111111111.

1111111111011111111111111111111111111111111111 111111] 11111111 1111111 worn-w,
01111111 1111111 1111 1111111, 11111 11111111, 11111. V.¹ 1111. Π. 1111111111111 lo 1111911111,
torn 11 annornm, 11, Gonnu- 11111111 111111, 111111 1811 11111111, 10 mn Π, 1801, 111111 111
1111111111 1ο 1111 81111111 11 (1111111111. ΙΠ. ‘nnn by 11111111 11 1111111111, bord 11 (1111111111,
1111111111111111111 It 11 11111 1111111,811111.Π1.,1888. Π.11111111111111
napum, 111111 (1111111311, nn, 11111 1ο 11111 1111111, 11111111 125, 10 8111. m, 1818.
’111111111111 1111111111111111118111111.

11111111111111111111111111111111111111 8111111111 1111 11 8111,1111111111111
1110,11181111111818,111111111111’11111111 11181811111. 8111111111 ondin 81111111 11
1888 111 1810. ’1111 family 11111 11111 81111111, οο. 8111111111, 111 111 11111111 11 (1111111111.
811 1111111 1111 111 1111. 111 11111111 111111, 111111111111111111 11 Philip Hnntby, 111111 111111
1111111111 11111111 wolfe 11 wolfe 11111111, nomn np enfin, 111 Petu 11 Volo, 111111 1111 111
81111111 1111111111111111111111111111111111. 811111111111111111111111111111111
uminum 111 witae-on, 111111 1113111111, 011111 01111111 11 1888 1111810,11111111
1111111111111818. 1111111111,8111111111,1111811111 11118111101111111118111111, 1111
11 8111111111. 811 John 11111111 1111311111, concinno, 11 1111111111,111111111,1111111
1111111111111111111111111 1111111111, 81111111111111 vm 11 1111111, 111111 11 Annon
11 1111111 111111 by 11111111, 11111111 111 1111111 11 811 811111 111111, 11 1111111111 by cov-
11111111111111111 1111111, 11 1111111. He 1111 11111111111111888, 111 11111111 1111, danunt«
11 1111111111 np Κ111111, 111 111 811111111111111 daughter 1111111 1111111 1ο 111 Thomu
111111111111111111111111 Gom 011111, 1111111 11 1 1111111 1111, though 14111111· 11111
mmcd 11111, 111 1111111 11111 11111, 111 111111. 11111 11111111 8111111111, 1111111111 811

1111111111.οιι111111111111111111111111111111111111111111111 , ’

1111118181111111111111111101111. 111111111111111111111111111111118111111111,
1111111111111111111111 1111111111111 prob-1³15 111111111111 11 1111111111111111111111
11111111111111111111. 111111111111 11 1111111111111 Myr, 1111111111 1ο 111 1111111
11111111111111111111111111111 nisit 811111 Halon 1111111111111 11 manin. 1111111
David 11 lon.

818811118111181111111111111118111111111,111111 81111 8111111 118181111881111
1111111111 by 11 1111111111 11 18 Edu. m, 1111 111 11 111 11111 111 11111 11 Baka 1111111111.
811111111111111111111111111111111111111 (111111111888111111111111111 11111111111111
anund-on 11 11111, 11111111] 111111111. 81111111 81111111,11111111111 1111 11 1888, w 11 .
· 11111111111111 111111111111111,1ο111111111ο111111111111111 1181111111111111
1111111, or Wnlnb, 111 ο1 111111111111111 from 81111111, 111 whose connection 11111 undamn ,
111 1111 11111111111111 wnn 111111 1ο 1111 1111 1111111, cn 81111111, 11 111 honour 11
8111111111. 01111111 111111 1111111111111 1111111111181111.

1111111 81. 1111, 8111111 1118111111 11 11111111, 1111111111111111111111111111111111111
111111111111111111111111111111111111. 811111111181111111111111111111111111111111

 

