61

¹ 110000000100000010111001100 1Ἐ000000000001101“00000 0181

· 11000000 0 000100 010100 01 100010 110000οι &nmmo 000000100101010ἱ

0100000ἱο 10 Gom 00 Son-mouns 00101001 en 000 00010000 0 00000 10

0000100 00010110οω 1110 01 heir 11000000 10 Momm 0010010001 100
10 Νο000’ 01 010οι· 10 Gom 0010’.

Nous 000 00001001 000 0100010010οι 10 10 111 01000 10000 00 0001000001
000 par sacrament 100 0001100000οο 01 1000100 10 00 10011110 pm· 00000 10
verite 000000 0010010 00100 001000 11 1000 1111000100οο100000000 0100 11000
1100000000 0001 00001000 heir 00 1001 0 un Rlc: 800000010001000 10
000170 100000 01 1000000100 00 Lamum doyns 10 111 01000 100 0000 10
11111000 8000000 0000001 001000 0000010000100 taine 0 00 0’001 111010001
1000010111 11000000 sonmo 0000001 01 10 00010001011111100 1100000000,
001 01 00 000 011 0001 0000 000010οῃ heir 0 111 11000000 8000000 1000000
01000 torres 01 1000000010 01000000 100 000 oux 100000 01100000010 11
0011 0001 heir 00000000 oeli 11000000 8000000 01 00001100 mesmes 10
term 01 100000001οο 001110010οτ 00 00 1000100000 01 00100οο00 10000
⁴ 100000 01 1000000100 01 00 001 00000100 puis 10 mort 10 111 R1c: 8000000
01 001 pn‘s 100 10000001000110 par quel titre 00000101 00 0001 maner

Α 01 01 mesmes 100 100000 01 100000001οο 00 000000 temps 000000 100001

001000 00 00010000 10 01000 10 (10000 0 00000 10 000101ιο ago dit
1310: 1100000000 00 [000001] 0110100100 011000 0100000100000 10001001001
001100010οο 10 111 0000001 0001 0010011 [nous] 1000 0000000 100001 vous 00
10000011οΙ0 11101000 100000 000 000101100 0001010ωο000 00000 10 111
0000001 0000 0001 prise. Nous envoyant 10 0000 000100 00010 00 l'offioe 10
000100 privo 00010 10 100000 1010 111 00000010 000001100001 0000 000100 000
1011000 1)οο’0000 000100 privo 0001 0110000000000100001. jour 10 May
l'an 10 000100 00ῃο primer.

 

